1622529601724350466
1622529601707597825
1622529601586053121
1622529601439137792
1622529601342685186
1622529601212760064
1622529601187549185
1622529600927449088
1622529600243769344
1622529600201842689
1622529600025767936
1622529599971160066
1622529599744647169
1622529599354679297
1622529598385799176
1622529598024990720
1622529597962158081
1622529597785968640
1622529596737437696
1622529596687101953
1622529596670332928
1622529596263481355
1622529596154413056
1622529595869216770
1622529595827167233
1622529595676274689
1622529595613278208
1622529595596570625
1622529595403558913
1622529595336450050
1622529594979926017
1622529594564681730
1622529594447233025
1622529594367610880
1622529594275266560
1622529594053087233
1622529593243484161
1622529593113444353
1622529592798969857
1622529592635392001
1622529592379555841
1622529592077561857
1622529592056766464
1622529592044011521
1622529592010366977
1622529591884623872
1622529591691673600
1622529591662313480
1622529591532302337
1622529591360241665
1622529591305699329
1622529591163162625
1622529590865395712
1622529590714417153
1622529590710206464
1622529590559227904
1622529590164865025
1622529589871255554
1622529589820932096
1622529589678428162
1622529589648977921
1622529589485481987
1622529589409972224
1622529589271560192
1622529588948500481
1622529588931739648
1622529588524892161
1622529588193550337
1622529588164190208
1622529587736457216
1622529587694473216
1622529587388317697
1622529587291865090
1622529586893402113
1622529586675257344
1622529586629160960
1622529586390003714
1622529585932812288
1622529585681166338
1622529585437876226
1622529585349885952
1622529585207181316
1622529584724860929
1622529584087416833
1622529583827263488
1622529583546253312
1622529583110029315
1622529583068110848
1622529583055572992
1622529582996791298
1622529582757818371
1622529582569033730
1622529582569033728
1622529582082535424
1622529582036312064
1622529581805699080
1622529581386289152
1622529581323325442
1622529581101027328
1622529580824203266
1622529580631224320
1622529580522242048
1622529580350201859
1622529580106932224
1622529580027334657
1622529579922366464
1622529579691790338
1622529579545137153
1622529579519774721
1622529579435929601
1622529579087691779
1622529578823561216
1622529578487934978
1622529578483740672
1622529578261413888
1622529578194305028
1622529578005585920
1622529577670135809
1622529577477095426
1622529577359736832
1622529577129062403
1622529576952860674
1622529576801910784
1622529576797700097
1622529576722391048
1622529576667586562
1622529576495640577
1622529576386584576
1622529576327909376
1622529576319475712
1622529576197926914
1622529576067903489
1622529576055324672
1622529575325519872
1622529574994149378
1622529574306283520
1622529574029475841
1622529574000025600
1622529573874286593
1622529573643554817
1622529573534502913
1622529573274505216
1622529573228277762
1622529572938842113
1622529572817321985
1622529572620144640
1622529572406181890
1622529572385304576
1622529572334981121
1622529572242587648
1622529572104204290
1622529571680665602
1622529571672170500
1622529571445780480
1622529571437309952
1622529571017867264
1622529570862686208
1622529570657210370
1622529570258792448
1622529569986080768
1622529569839251456
1622529569373794304
1622529569206030344
1622529568878755840
1622529568648097794
1622529568614539265
1622529568480395264
1622529568409112576
1622529568258023425
1622529567544983552
1622529567465283584
1622529567410860032
1622529567306002438
1622529567289184256
1622529567050055683
1622529566781628416
1622529566517477376
1622529566337105921
1622529566290968576
1622529566290870272
1622529566223872000
1622529566127292417
1622529566123114497
1622529566076989440
1622529565926084608
1622529565833789443
1622529565783429121
1622529565770891266
1622529565699481601
1622529565422768129
1622529565234184192
1622529564827127808
1622529564407697408
1622529564315467778
1622529564244119553
1622529564114026498
1622529564046987264
1622529564021870594
1622529564017586176
1622529563803672577
1622529563724070912
1622529563539406848
1622529563484995584
1622529563421990912
1622529563270971392
1622529563224948738
1622529563157753858
1622529563099021314
1622529563086430210
1622529562981679113
1622529562838974464
1622529562834874368
1622529562830569472
1622529562700546049
1622529562566336512
1622529562557968385
1622529562495135744
1622529562344140803
1622529562125934594
1622529562025271297
1622529561907838977
1622529561769521159
1622529561501089792
1622529561421299713
1622529560938954753
1622529560439816194
1622529560435691523
1622529560414760961
1622529560314011648
1622529560301428737
1622529560238497796
1622529560066633728
1622529560020414464
1622529559680663553
1622529559483584512
1622529558955130881
1622529558703374337
1622529558527242243
1622529558514900999
1622529558435049472
1622529558426550272
1622529558317522948
1622529558262980608
1622529558221099009
1622529558208446464
1622529557860327424
1622529557562540032
1622529557331935233
1622529557143212034
1622529556874756096
1622529556773994497
1622529555469582336
1622529555419234304
1622529555389943810
1622529555389902848
1622529555347955712
1622529555217915909
1622529555104669696
1622529555100758017
1622529555016581121
1622529554932805634
1622529554882478080
1622529554681106433
1622529554270003201
1622529553393401857
1622529553225621505
1622529553154326528
1622529552864919556
1622529552567136258
1622529552319660032
1622529552239980546
1622529551950659584
1622529551598321665
1622529551497584640
1622529551334080512
1622529551023673345
1622529550474166273
1622529550310580225
1622529550016999425
1622529549924765696
1622529549257818115
1622529548364443648
1622529548167282688
1622529547936604161
1622529547911499779
1622529547613663232
1622529547601121280
1622529547575894016
1622529547492024320
1622529547328491521
1622529547156570113
1622529546841993216
1622529546762305538
1622529546707689474
1622529545545871360
1622529545545867264
1622529545176760321
1622529545072001025
1622529545063522304
1622529544883142659
1622529544879058946
1622529544837021697
1622529544790867968
1622529544744730625
1622529544618999809
1622529544342192129
1622529544128192512
1622529543046062080
1622529543025176578
1622529542626725889
1622529542442176512
1622529542207193091
1622529542148554753
1622529542052102145
1622529541783552001
1622529541741727745
1622529541502603266
1622529541217435648
1622529540718206985
1622529540693032960
1622529540546232320
1622529540433104899
1622529540378529797
1622529540353404928
1622529540349198336
1622529540319739904
1622529540177248256
1622529540164620290
1622529539715874817
1622529539547996162
1622529538688155648
1622529538432303105
1622529538402951169
1622529538390474756
1622529538084175874
1622529537803182080
1622529537694216192
1622529537442471936
1622529537207664641
1622529536872136704
1622529536867946496
1622529536733626368
1622529536695889921
1622529536687501312
1622529536666525696
1622529536645558274
1622529536138137601
1622529535894863872
1622529535840247810
1622529535697645569
1622529535374655488
1622529535018147840
1622529534967832576
1622529534946861057
1622529534867144704
1622529534485577729
1622529534472990722
1622529534313615360
1622529534271668224
1622529534170959872
1622529533999034376
1622529533659299841
1622529533558591489
1622529533248172033
1622529533055275008
1622529532996595712
1622529532879163394
1622529532539424769
1622529532476399619
1622529532224831490
1622529532061155330
1622529532040208389
1622529532010823680
1622529531968978944
1622529531801116672
1622529531402678278
1622529530480021504
1622529530412818432
1622529529943056387
1622529529477582854
1622529529322385410
1622529529297133568
1622529529246875648
1622529529146232833
1622529529100005376
1622529528680546304
1622529528290476032
1622529528219172865
1622529528164761602
1622529527892135936
1622529527673937921
1622529527627845634
1622529527611113473
1622529527409770496
1622529527321706497
1622529527283953665
1622529527132962816
1622529526579314692
1622529526562533382
1622529526159839233
1622529526134673415
1622529526122090497
1622529525992022018
1622529525740339200
1622529525459390464
1622529525396516866
1622529525333561345
1622529525283229696
1622529525253918724
1622529525119700993
1622529525115396097
1622529525056765952
1622529524964401152
1622529524939337733
1622529524372996096
1622529524163395586
1622529524045938691
1622529524045848578
1622529523928399878
1622529523853017088
1622529523555115010
1622529523492311046
1622529523240603650
1622529522762412034
1622529522749870080
1622529522410061826
1622529521973964801
1622529521760014336
1622529520975626241
1622529520828809218
1622529520715563009
1622529520698802178
1622529520631685122
1622529520350777344
1622529520031920128
1622529519725821952
1622529519612485633
1622529519604170753
1622529519440609282
1622529519390162945
1622529518958260224
1622529518907936769
1622529518610038785
1622529518446460930
1622529518404509697
1622529518220050433
1622529517343440897
1622529517272137730
1622529517033074689
1622529516827557890
1622529516726849536
1622529516659785729
1622529516408082433
1622529516399648770
1622529516332625921
1622529516034818048
1622529516013817856
1622529515896332288
1622529515720155136
1622529515107803139
1622529514990452736
1622529514944229377
1622529514927521793
1622529514889789440
1622529514789036032
1622529514730401795
1622529514147397634
1622529513862139906
1622529513786687488
1622529513446932480
1622529513430126592
1622529513111400449
1622529512998141952
1622529512683487232
1622529512494825472
1622529512423440384
1622529512280817665
1622529512251568128
1622529511660179456
1622529511404208129
1622529511265906689
1622529510599012352
1622529509948903424
1622529509844037633
1622529509651103746
1622529509617442818
1622529509059620870
1622529508346658818
1622529508271132672
1622529508254285824
1622529508208177153
1622529506849222657
1622529506668863488
1622529506559856640
1622529506463342595
1622529505842569216
1622529505762988033
1622529505750294528
1622529505314103298
1622529505142136832
1622529505058340866
1622529504789889025
1622529504588562432
1622529504274006017
1622529503930073089
1622529503707758596
1622529503682592769
1622529503086931968
1622529502973665280
1622529502965268480
1622529502743085057
1622529501744742402
1622529501644181504
1622529501442846722
1622529501140815873
1622529500960509952
1622529500931031043
1622529500889186306
1622529500771663874
1622529500750692353
1622529500738162688
1622529500633333760
1622529500335439873
1622529500301901824
1622529500222222336
1622529500037758978
1622529499987431425
1622529499865702402
1622529499744157697
1622529499567951872
1622529499198808064
1622529499110727681
1622529498938753031
1622529498926264320
1622529498519416834
1622529498091601925
1622529497810579459
1622529497433006082
1622529496971608064
1622529496954941440
1622529496426364928
1622529496225284096
1622529495751073795
1622529495608467457
1622529495595974656
1622529495537184768
1622529495256207360
1622529494945783808
1622529494819946497
1622529494710976516
1622529494408888324
1622529494354477058
1622529493981331456
1622529493976985600
1622529493964406788
1622529493851062272
1622529493737918466
1622529493087690752
1622529493041545219
1622529492370571264
1622529492169146370
1622529492064391168
1622529491833614341
1622529491737231362
1622529491737145349
1622529491573555201
1622529491418365952
1622529491171151872
1622529491154178048
1622529491107999744
1622529490550128640
1622529490134921219
1622529490042617857
1622529489958748160
1622529489950457856
1622529489413582848
1622529489317003264
1622529489224728576
1622529489157689344
1622529488994160640
1622529488914612227
1622529488180465664
1622529488063025154
1622529487765110786
1622529487341600771
1622529487274491906
1622529487203090432
1622529486741716998
1622529486599102466
1622529486448128003
1622529486334861314
1622529486234189825
1622529485516980224
1622529485101735937
1622529485043118081
1622529485026238464
1622529483193430016
1622529483176656898
1622529483138793472
1622529483021422592
1622529482874560513
1622529482786496512
1622529482736148482
1622529482153148418
1622529481893154818
1622529481867935744
1622529481456902154
1622529481385590784
1622529480999706624
1622529480852905984
1622529480836190209
1622529480689430528
1622529480647491585
1622529480408412160
1622529480299278337
1622529480165142528
1622529479779155973
1622529479645057024
1622529479502430208
1622529479422668801
1622529479213039616
1622529478424494080
1622529477921189888
1622529477640171520
1622529476838973441
1622529476805513218
1622529476654424067
1622529476549611520
1622529476511911939
1622529476394381313
1622529476000157698
1622529475958161409
1622529475954020353
1622529475886956545
1622529475886940161
1622529475425579014
1622529475383554050
1622529475316441088
1622529475249307650
1622529475119382528
1622529474699882496
1622529474628579329
1622529474364325889
1622529473999519744
1622529473785614336
1622529473668165635
1622529473462534146
1622529473231917056
1622529473185996800
1622529472955133953
1622529472841891842
1622529472669880324
1622529472565063686
1622529472489566208
1622529472237826048
1622529472200065024
1622529471910756353
1622529471889739777
1622529471805800453
1622529471310884866
1622529470971133953
1622529470572666880
1622529470568534016
1622529470325219329
1622529469855531008
1622529469838725120
1622529469612163072
1622529469385781248
1622529469285015553
1622529469188554753
1622529468651692033
1622529468387545090
1622529468219682817
1622529467913580544
1622529467837997057
1622529467154300928
1622529467099873280
1622529466948878336
1622529466638430209
1622529466495795201
1622529466185424896
1622529466084872192
1622529465321418758
1622529465149542401
1622529465023623168
1622529464818188288
1622529463928889344
1622529463815745537
1622529463534645249
1622529463404593152
1622529463383646209
1622529463299735553
1622529463241113600
1622529462997762048
1622529462758768640
1622529462754594817
1622529462725185536
1622529462666514432
1622529462406467585
1622529462326673408
1622529462058291202
1622529461731164160
1622529461492109317
1622529461215191043
1622529460569354240
1622529460548300800
1622529460523388928
1622529460330283010
1622529460263084040
1622529460032491520
1622529460011425794
1622529459063517186
1622529458715361289
1622529458530836486
1622529458409177089
1622529458384035842
1622529458136666113
1622529458048581636
1622529457964597248
1622529457335435264
1622529457314578432
1622529456727277569
1622529456685334529
1622529456504963078
1622529456500797442
1622529456236535808
1622529455972384769
1622529455900983296
1622529455712239617
1622529455628423168
1622529455527809026
1622529455347453952
1622529455280345088
1622529455242506241
1622529454634569730
1622529454630109185
1622529454479183875
1622529454189731841
1622529454097440773
1622529454005440514
1622529453703176192
1622529453409685505
1622529452814004228
1622529452507807745
1622529452335894529
1622529452264546304
1622529452193316865
1622529452193234945
1622529452033843202
1622529451912224768
1622529451811536897
1622529451685826563
1622529451006328840
1622529450955898880
1622529450935042048
1622529450763079681
1622529450372919299
1622529450372898817
1622529450297409537
1622529450104455168
1622529448368123904
1622529448124768257
1622529448091197440
1622529447990534144
1622529447915139073
1622529447898279939
1622529447663370241
1622529447378227200
1622529447260733441
1622529447118118912
1622529446941958157
1622529446610710528
1622529445776031752
1622529445692166146
1622529445214015490
1622529445042049030
1622529444782002177
1622529444324720640
1622529444207382528
1622529443976585217
1622529443938897921
1622529443926343680
1622529443854970881
1622529443766886401
1622529443343335425
1622529443041366017
1622529442999304192
1622529442995138564
1622529442399633412
1622529442059788288
1622529441938169857
1622529441854267392
1622529441061605376
1622529440960970761
1622529440767934464
1622529440700833792
1622529440642113538
1622529440499597312
1622529440415637505
1622529440331837441
1622529440314974209
1622529439878766593
1622529438419132418
1622529437769007105
1622529437722877954
1622529437571985409
1622529437471309826
1622529437395828738
1622529437383159808
1622529437119008768
1622529436804427776
1622529436691079172
1622529436598915072
1622529436347138049
1622529436200407040
1622529435764137984
1622529435638325248
1622529435537653761
1622529435034439681
1622529434887536640
1622529434845601794
1622529434656858113
1622529434329694208
1622529434317119490
1622529433981665283
1622529433713233921
1622529433688059904
1622529433683755008
1622529433633521664
1622529433461723136
1622529433373401088
1622529433285296129
1622529432962342912
1622529432912113666
1622529432606113792
1622529432345841666
1622529432320634882
1622529432190652417
1622529431976673283
1622529431871934464
1622529431079120898
1622529430827450369
1622529430810685440
1622529430370254848
1622529430345097220
1622529430278049794
1622529429745418240
1622529429497954306
1622529429456015362
1622529429409873920
1622529429334532096
1622529429313290243
1622529429183336448
1622529429133004804
1622529429028192263
1622529428889763840
1622529428709429248
1622529428411543554
1622529428264714240
1622529428218646529
1622529427920809984
1622529427740536833
1622529427740426245
1622529427727962112
1622529427694313475
1622529427266588673
1622529427170111489
1622529427170000905
1622529427052584960
1622529426977177600
1622529426901573632
1622529426868125698
1622529426591297537
1622529426100568065
1622529426037563392
1622529425593057280
1622529425593012224
1622529425370644483
1622529424829693955
1622529424179572738
1622529424087257090
1622529424053633024
1622529423843926017
1622529423588179968
1622529423395237889
1622529422946406406
1622529422904410112
1622529422862565377
1622529422124261379
1622529422028083203
1622529421914546179
1622529421268725760
1622529420761128960
1622529420668928001
1622529420513710080
1622529420408897538
1622529420366868483
1622529420203376640
1622529420157140997
1622529419632934914
1622529419314167808
1622529419070808064
1622529418995302401
1622529418424975361
1622529418320019456
1622529418093596675
1622529417992974336
1622529417925865472
1622529417703464960
1622529417632153600
1622529416940118018
1622529416197730304
1622529416050929664
1622529415975432193
1622529415954448384
1622529415711272962
1622529415555981313
1622529415304433666
1622529415182790661
1622529415019401216
1622529414960406530
1622529414864011265
1622529414671003648
1622529414314557446
1622529413848989696
1622529413681119235
1622529413576261634
1622529413509181440
1622529413437947905
1622529412997455874
1622529412515102720
1622529412343205889
1622529412246781952
1622529412150267905
1622529412120866817
1622529411781197824
1622529411621830656
1622529411177230337
1622529411168759808
1622529410594111489
1622529410430603264
1622529410275442688
1622529410107580416
1622529409876955137
1622529409788903424
1622529409625337856
1622529409579364354
1622529409268826112
1622529409205805057
1622529408736051205
1622529408715354112
1622529408715177984
1622529408622899201
1622529408543215618
1622529408417562631
1622529407771344896
1622529407742095361
1622529407695958016
1622529407272222720
1622529407201181696
1622529406819237890
1622529406647296001
1622529405967794176
1622529405779066886
1622529405766483969
1622529405418455041
1622529405414174721
1622529405372317696
1622529405292511233
1622529405200244736
1622529405150015488
1622529405120663552
1622529405040971779
1622529404386652160
1622529404344696833
1622529404151689217
1622529404126564352
1622529403971403777
1622529403895918592
1622529403816230913
1622529403711373313
1622529403543584768
1622529403329605633
1622529403266777088
1622529403065344001
1622529402809581569
1622529402524368898
1622529402419523584
1622529402415226880
1622529402331332608
1622529402306183169
1622529402209812482
1622529401962262530
1622529401874169858
1622529401844862980
1622529401769410563
1622529401219940353
1622529401106595840
1622529400972492801
1622529400943046658
